#!/usr/bin/env python3

dirs = {
#    V V
0: [(1,0,1),(1,1,2),(1,2,2),(4,0,1),(4,1,2),(4,2,2),(3,0,1),(3,1,2),(3,2,2),(2,0,1),(2,1,2),(2,2,2),],##
1: [(0,6,0),(0,7,0),(0,8,3),(2,2,3),(2,5,0),(2,8,0),(4,0,0),(4,3,0),(4,6,3),(5,6,0),(5,7,0),(5,8,0),],##
2: [(0,0,2),(0,3,2),(0,6,1),(1,0,0),(1,3,0),(1,6,3),(3,2,3),(3,5,0),(3,8,0),(5,2,0),(5,5,0),(5,8,0),],##
3: [(0,0,3),(0,1,0),(0,2,0),(2,0,0),(2,3,0),(2,6,3),(4,2,3),(4,5,0),(4,8,0),(5,0,0),(5,1,0),(5,2,0),],##
4: [(0,2,1),(0,5,2),(0,8,2),(1,2,3),(1,5,0),(1,8,0),(3,0,0),(3,3,0),(3,6,3),(5,0,0),(5,3,0),(5,6,0),],##
5: [(1,6,2),(1,7,2),(1,8,1),(2,6,2),(2,7,2),(2,8,1),(3,6,2),(3,7,2),(3,8,1),(4,6,2),(4,7,2),(4,8,1),],##
6: [(0,3,1),(0,4,0),(0,5,3),(2,1,3),(2,4,1),(2,7,1),(4,1,1),(4,4,3),(4,7,3),(5,3,0),(5,4,0),(5,5,0),],##
7: [(0,1,3),(0,4,1),(0,7,1),(1,1,1),(1,4,3),(1,7,3),(3,1,3),(3,4,1),(3,7,1),(5,1,0),(5,4,0),(5,7,0),],##

8: [(1,3,3),(1,4,2),(1,5,1),(2,3,3),(2,4,2),(2,5,1),(3,3,3),(3,4,2),(3,5,1),(4,3,3),(4,4,2),(4,5,1),],
}

dir_map = [0]*6*9*9

for twist_face, adjacent in dirs.items():
    for a in adjacent:
        f,sf,dir_ = a
        index = (f * 9) + sf # 0 to 53
        index2 = (twist_face * 54) + index
        dir_map[index2] = dir_

print(dir_map)
